Ray endpoint 1: lat. (deg. N), long. (deg. E), height (km)
   51.45    2.59     0.00
Ray endpoint 2: lat. (deg. N), long. (deg. E), height (km)
  -21.21  -28.19 23229.50
zenith angle (deg.) and azimuth (N over E to S, deg.) of ray at endpoint 1 
   89.95 -150.75
Year, S10.7, R12, month, UT: 2009,  67.2,   4.8,  8, 17.0

Electron contents along ray.
  (h1-h2) means from point in height h1 to point in height h2 (heights in km)
 s: coordinate along ray
 r: radius (distance from center of Earth)

    s       r    height  lat   long   el.density
   km      km      km   deg N  deg E    m^-3
     0.0  6371.2     0.0   51.45    2.59 0.000000E+00
   351.4  6381.2    10.0   48.68    0.25 0.000000E+00
   499.5  6391.2    20.0   47.50  359.35 0.000000E+00
   613.3  6401.2    30.0   46.59  358.68 0.000000E+00
   709.3  6411.2    40.0   45.82  358.14 0.000000E+00
   794.0  6421.2    50.0   45.14  357.67 0.000000E+00
   870.7  6431.2    60.0   44.53  357.26 0.000000E+00
   941.3  6441.2    70.0   43.97  356.89 0.250296E+04
  1007.1  6451.2    80.0   43.44  356.56 0.978266E+07
  1068.9  6461.2    90.0   42.95  356.25 0.116011E+11
  1127.5  6471.2   100.0   42.49  355.96 0.176401E+11
  1183.3  6481.2   110.0   42.04  355.69 0.376610E+11
  1236.6  6491.2   120.0   41.62  355.43 0.734053E+11
  1287.9  6501.2   130.0   41.22  355.19 0.802856E+11
  1337.2  6511.2   140.0   40.83  354.97 0.867370E+11
  1384.9  6521.2   150.0   40.45  354.75 0.933678E+11
  1431.1  6531.2   160.0   40.09  354.54 0.100945E+12
  1475.9  6541.2   170.0   39.74  354.35 0.110308E+12
  1519.4  6551.2   180.0   39.40  354.16 0.122378E+12
  1561.8  6561.2   190.0   39.07  353.97 0.138260E+12
  1603.1  6571.2   200.0   38.74  353.80 0.157756E+12
  1643.5  6581.2   210.0   38.43  353.63 0.180035E+12
  1683.0  6591.2   220.0   38.12  353.46 0.208612E+12
  1721.6  6601.2   230.0   37.83  353.30 0.245520E+12
  1759.4  6611.2   240.0   37.53  353.15 0.288555E+12
  1796.5  6621.2   250.0   37.25  353.00 0.331127E+12
  1832.9  6631.2   260.0   36.97  352.86 0.365172E+12
  1868.7  6641.2   270.0   36.69  352.72 0.380655E+12
  1903.8  6651.2   280.0   36.42  352.58 0.383463E+12
  1938.3  6661.2   290.0   36.16  352.44 0.381838E+12
  1972.3  6671.2   300.0   35.90  352.31 0.376387E+12
  2005.8  6681.2   310.0   35.65  352.19 0.367779E+12
  2038.8  6691.2   320.0   35.40  352.06 0.356696E+12
  2071.3  6701.2   330.0   35.15  351.94 0.343789E+12
  2103.3  6711.2   340.0   34.91  351.83 0.329652E+12
  2134.9  6721.2   350.0   34.67  351.71 0.314781E+12
  2166.1  6731.2   360.0   34.44  351.60 0.299549E+12
  2196.9  6741.2   370.0   34.21  351.49 0.284273E+12
  2227.3  6751.2   380.0   33.98  351.38 0.269197E+12
  2257.4  6761.2   390.0   33.76  351.27 0.254474E+12
  2287.1  6771.2   400.0   33.54  351.17 0.240282E+12
  2316.4  6781.2   410.0   33.32  351.07 0.226717E+12
  2345.5  6791.2   420.0   33.11  350.97 0.213838E+12
  2374.2  6801.2   430.0   32.90  350.87 0.201681E+12
  2402.6  6811.2   440.0   32.69  350.77 0.190251E+12
  2430.8  6821.2   450.0   32.48  350.68 0.179531E+12
  2458.6  6831.2   460.0   32.28  350.58 0.169500E+12
  2486.2  6841.2   470.0   32.08  350.49 0.160128E+12
  2513.5  6851.2   480.0   31.88  350.40 0.151385E+12
  2540.6  6861.2   490.0   31.68  350.31 0.143235E+12
  2567.4  6871.2   500.0   31.49  350.23 0.135639E+12
  2698.1  6921.2   550.0   30.55  349.81 0.104771E+12
  2823.7  6971.2   600.0   29.66  349.42 0.829344E+11
  2944.7  7021.2   650.0   28.81  349.06 0.672114E+11
  3061.8  7071.2   700.0   28.01  348.72 0.556752E+11
  3175.4  7121.2   750.0   27.23  348.40 0.470160E+11
  3285.8  7171.2   800.0   26.49  348.10 0.403663E+11
  3393.3  7221.2   850.0   25.78  347.82 0.351567E+11
  3498.3  7271.2   900.0   25.09  347.54 0.309994E+11
  3600.9  7321.2   950.0   24.43  347.28 0.276254E+11
  3701.3  7371.2  1000.0   23.79  347.04 0.248440E+11
  3799.8  7421.2  1050.0   23.17  346.80 0.225168E+11
  3896.4  7471.2  1100.0   22.57  346.57 0.205434E+11
  3991.3  7521.2  1150.0   21.99  346.35 0.188486E+11
  4084.6  7571.2  1200.0   21.42  346.14 0.173760E+11
  4176.4  7621.2  1250.0   20.87  345.94 0.160847E+11
  4266.9  7671.2  1300.0   20.34  345.74 0.149419E+11
  4356.0  7721.2  1350.0   19.82  345.55 0.139206E+11
  4443.9  7771.2  1400.0   19.31  345.37 0.130006E+11
  4530.7  7821.2  1450.0   18.82  345.19 0.121670E+11
  4616.3  7871.2  1500.0   18.34  345.02 0.114067E+11
  4701.0  7921.2  1550.0   17.87  344.85 0.107087E+11
  4784.7  7971.2  1600.0   17.41  344.69 0.100648E+11
  4867.4  8021.2  1650.0   16.96  344.53 0.946865E+10
  4949.3  8071.2  1700.0   16.52  344.38 0.891456E+10
  5030.3  8121.2  1750.0   16.10  344.23 0.839786E+10
  5110.5  8171.2  1800.0   15.68  344.08 0.791464E+10
  5190.0  8221.2  1850.0   15.27  343.94 0.746179E+10
  5268.8  8271.2  1900.0   14.87  343.80 0.703678E+10
  5346.9  8321.2  1950.0   14.47  343.67 0.663749E+10
  5424.3  8371.2  2000.0   14.09  343.54 0.626197E+10
  5802.3  8621.2  2250.0   12.27  342.92 0.468842E+10
  6167.3  8871.2  2500.0   10.62  342.37 0.352797E+10
  6521.4  9121.2  2750.0    9.10  341.87 0.268716E+10
  6866.5  9371.2  3000.0    7.69  341.41 0.209015E+10
  7203.7  9621.2  3250.0    6.39  340.99 0.167456E+10
  7534.1  9871.2  3500.0    5.19  340.60 0.138859E+10
  7858.5 10121.2  3750.0    4.06  340.23 0.119267E+10
  8177.8 10371.2  4000.0    3.00  339.89 0.105821E+10
  8492.4 10621.2  4250.0    2.01  339.58 0.964922E+09
  8802.8 10871.2  4500.0    1.07  339.28 0.898972E+09
  9109.6 11121.2  4750.0    0.19  339.00 0.850874E+09
  9413.0 11371.2  5000.0   -0.65  338.73 0.814113E+09
  9713.3 11621.2  5250.0   -1.44  338.48 0.784277E+09
 10010.9 11871.2  5500.0   -2.19  338.24 0.758319E+09
 10306.0 12121.2  5750.0   -2.90  338.01 0.734272E+09
 10598.7 12371.2  6000.0   -3.58  337.79 0.711108E+09
 10889.3 12621.2  6250.0   -4.22  337.58 0.687934E+09
 11178.0 12871.2  6500.0   -4.84  337.38 0.664293E+09
 11464.8 13121.2  6750.0   -5.43  337.19 0.640158E+09
 11750.0 13371.2  7000.0   -6.00  337.01 0.615543E+09
 12033.6 13621.2  7250.0   -6.54  336.84 0.590495E+09
 12315.7 13871.2  7500.0   -7.06  336.67 0.565198E+09
 12596.5 14121.2  7750.0   -7.56  336.51 0.539854E+09
 12876.0 14371.2  8000.0   -8.03  336.35 0.514628E+09
 13154.3 14621.2  8250.0   -8.49  336.20 0.489690E+09
 13431.5 14871.2  8500.0   -8.94  336.05 0.465216E+09
 13707.7 15121.2  8750.0   -9.36  335.91 0.441340E+09
 13982.9 15371.2  9000.0   -9.77  335.78 0.418159E+09
 14257.1 15621.2  9250.0  -10.17  335.65 0.395752E+09
 14530.5 15871.2  9500.0  -10.55  335.52 0.374183E+09
 14803.1 16121.2  9750.0  -10.92  335.40 0.353493E+09
 15074.8 16371.2 10000.0  -11.28  335.28 0.333703E+09
 15345.9 16621.2 10250.0  -11.63  335.16 0.314824E+09
 15616.2 16871.2 10500.0  -11.96  335.05 0.296861E+09
 15885.9 17121.2 10750.0  -12.28  334.94 0.279813E+09
 16154.9 17371.2 11000.0  -12.60  334.84 0.263655E+09
 16423.3 17621.2 11250.0  -12.90  334.74 0.248359E+09
 16691.2 17871.2 11500.0  -13.20  334.64 0.233890E+09
 16958.5 18121.2 11750.0  -13.48  334.54 0.220221E+09
 17225.3 18371.2 12000.0  -13.76  334.45 0.207326E+09
 17491.6 18621.2 12250.0  -14.03  334.35 0.195173E+09
 17757.4 18871.2 12500.0  -14.29  334.26 0.183737E+09
 18022.8 19121.2 12750.0  -14.55  334.18 0.172974E+09
 18287.7 19371.2 13000.0  -14.80  334.09 0.162845E+09
 18552.3 19621.2 13250.0  -15.04  334.01 0.153316E+09
 18816.4 19871.2 13500.0  -15.27  333.93 0.144348E+09
 19080.1 20121.2 13750.0  -15.50  333.85 0.135913E+09
 19343.5 20371.2 14000.0  -15.72  333.77 0.127982E+09
 19606.5 20621.2 14250.0  -15.94  333.70 0.120525E+09
 19869.2 20871.2 14500.0  -16.15  333.62 0.113514E+09
 20131.6 21121.2 14750.0  -16.36  333.55 0.106924E+09
 20393.7 21371.2 15000.0  -16.56  333.48 0.100731E+09
 20655.4 21621.2 15250.0  -16.75  333.41 0.949111E+08
 20916.9 21871.2 15500.0  -16.95  333.35 0.894408E+08
 21178.1 22121.2 15750.0  -17.13  333.28 0.843001E+08
 21439.0 22371.2 16000.0  -17.31  333.22 0.794676E+08
 21699.7 22621.2 16250.0  -17.49  333.15 0.749237E+08
 21960.1 22871.2 16500.0  -17.67  333.09 0.706505E+08
 22220.3 23121.2 16750.0  -17.84  333.03 0.666312E+08
 22480.3 23371.2 17000.0  -18.00  332.97 0.628500E+08
 22740.0 23621.2 17250.0  -18.17  332.91 0.592919E+08
 22999.5 23871.2 17500.0  -18.33  332.86 0.559437E+08
 23258.8 24121.2 17750.0  -18.48  332.80 0.527925E+08
 23517.9 24371.2 18000.0  -18.63  332.75 0.498263E+08
 23776.8 24621.2 18250.0  -18.78  332.69 0.470338E+08
 24035.6 24871.2 18500.0  -18.93  332.64 0.444044E+08
 24294.1 25121.2 18750.0  -19.07  332.59 0.419282E+08
 24552.5 25371.2 19000.0  -19.21  332.54 0.395959E+08
 24810.7 25621.2 19250.0  -19.35  332.49 0.373986E+08
 25068.7 25871.2 19500.0  -19.48  332.44 0.353283E+08
 25326.6 26121.2 19750.0  -19.62  332.39 0.333774E+08
 25584.3 26371.2 20000.0  -19.74  332.35 0.315385E+08
 25841.8 26621.2 20250.0  -19.87  332.30 0.298050E+08
 26099.2 26871.2 20500.0  -20.00  332.26 0.281706E+08
 26356.5 27121.2 20750.0  -20.12  332.21 0.266294E+08
 26613.6 27371.2 21000.0  -20.24  332.17 0.251757E+08
 26870.6 27621.2 21250.0  -20.35  332.12 0.238045E+08
 27127.5 27871.2 21500.0  -20.47  332.08 0.225107E+08
 27384.2 28121.2 21750.0  -20.58  332.04 0.212899E+08
 27640.8 28371.2 22000.0  -20.69  332.00 0.201378E+08
 27897.3 28621.2 22250.0  -20.80  331.96 0.190504E+08
 28153.7 28871.2 22500.0  -20.91  331.92 0.180238E+08
 28410.0 29121.2 22750.0  -21.01  331.88 0.170545E+08
 28666.1 29371.2 23000.0  -21.12  331.84 0.161393E+08
 28901.2 29600.7 23229.5  -21.21  331.81 0.153439E+08
Electron contents (   0-1000),(1000-2000),(2000-23229),(   0-23229)
                      371.72       22.40       13.14      407.27   x10^15 m^-2
